# /home/dellios/Desktop/myfiles/Projet BA2/Code/t12.txt
#
# nombre de particules puis les données d'une particule par ligne
25
   100 100 10
   -107.438 107.438 4.625
   -102.562 107.438 4.625
   -107.438 102.562 4.625
   -102.562 102.562 4.625
   -98.5938 108.594 2.0625
   -96.2812 108.594 2.0625
   -96.2812 106.282 2.0625
   -93.7188 108.594 2.0625
   -91.4062 108.594 2.0625
   -93.7188 106.281 2.0625
   -97.4375 102.562 4.625
   -92.5625 102.562 4.625
   -107.438 97.4375 4.625
   -103.719 98.5938 2.0625
   -101.406 98.5938 2.0625
   -103.719 96.2812 2.0625
   -101.406 96.2812 2.0625
   -108.594 93.7188 2.0625
   -106.281 93.7188 2.0625
   -108.594 91.4062 2.0625
   -106.281 91.4062 2.0625
   -103.719 91.4062 2.0625
   -95 95 9.75
   -100 50 25

# données du robot spatial
5 5 4'077 1 3 2 1 3

# données des nbRs robots réparateurs en service (un par ligne)
   -30 60 
   20 70 
   40 85 
   -40 40 
   -50 30 
   110 100 
   110 100 
   110 100 
   110 100 
   110 100 
   110 100 
   110 100 
   110 100 
   110 100 
   110 100 

# données des nbNsrobots neutraliseurs en service (un par ligne)
   110 100 0 3 false 123
   110 100 0 3 false 123
   110 100 0 3 false 123
   110 100 0 3 false 123
   110 100 0 3 false 123
   110 100 0 3 false 123
   110 100 0 3 false 123
   110 100 0 3 false 123
   110 100 0 3 false 123
   110 100 0 3 false 123
   110 100 0 3 false 123
   110 100 0 3 false 123
   110 100 0 3 false 123
   110 100 0 3 false 123
   110 100 0 3 false 123
